0,1,2,3,4,5,6,7,8,9,10,11,12,13,14,15,16,17,18,19,20,21,22,23,24,25,26,27,28,29,30,31,32,33,34,35,36,37,38,39,40,41,42,43,44,45,46,47,48,49,50,51,52,53,54,55,56,57,58,59
1.0000000000000002,0.16808662110611605,0.11261472476699047,0.4513116233025264,0.3538288187439812,0.4468709940975564,0.0067585114144199585,0.060531758524545065,0.005664103156239776,0.017177769527456088,0.010879117909075888,0.0,0.008563250219892227,0.0004584634498691914,0.0004405674718234643,0.0038497461979754323,0.006595432187382576,0.0,0.007216228992362333,0.022563708203177622,0.00460962549135722,0.02316613186969799,0.005506008954411765,0.004445309438917399,0.010535477107127376,0.007005412496264046,0.007159147836220363,0.01615476894977221,0.014300302635730166,0.004057312157862024,0.05119149837433623,0.00907828053554699,0.023016494843110125,0.006657138531315242,0.02303270795527518,0.007746726912817622,0.10223162163105029,0.031113869622929505,0.03640914359490956,0.015858377091976288,0.07771199032215889,0.020760711512546867,0.0002628231655056267,0.0002441441922833879,0.0002918987654535921,0.01563330576629327,0.0,0.0008090094136566165,0.02463159900533973,0.01707258921706271,0.017691485763647444,0.02216004325801451,0.023499902918273884,0.03154293246033964,0.010395921589260166,0.009673673552451712,0.0005768842285326342,0.006089208318230589,0.005456531607715233,0.017419050005563663
0.16808662110611605,1.0,0.10589587515926437,0.17632598927763762,0.1577057310008592,0.22110444605782423,0.016654145044914782,0.023521089873574506,0.015588520978536725,0.019188690688625214,0.00029755046133717684,0.012790228721375804,0.006757233807013889,0.006477267195310277,0.006224429086718077,0.005400425106959986,0.013614730465182339,0.003194385755004195,0.009649849351151313,0.017480839120930368,0.0073720861693834325,0.012383312855776386,0.018236573320049812,0.021160774051646857,0.03323439297968139,0.014815688676445636,0.009404697485136811,0.0027360619028309616,0.0,0.0,0.010936120895428128,0.013442969948960187,0.019757835611109584,0.007275914687454587,0.006583010347240805,0.011642862191308005,0.01826947458710342,0.01712545283671387,0.03439760020042106,0.012916024646687355,0.017766960820066686,0.0070969448791279345,0.0033083265530688237,0.0018788845326979395,0.004210678037766002,0.01756287600687983,0.011636740743723742,0.007770697614858316,0.010582882341305867,0.006999817117243783,0.009752010908926105,0.0018659491264044657,0.004722886385547414,0.003396326267285488,0.003354840575168272,0.020518825985973845,0.003725528134374983,0.0,0.013817684881284957,0.01650095107752821
0.11261472476699047,0.10589587515926437,1.0000000000000004,0.10990323933238644,0.10555232059517439,0.10801640821663329,0.009447968768980543,0.008859335061949586,0.02616721606236821,0.0034301296818095178,0.03621401350642841,0.025333721233232378,0.022977539442394654,0.013809049474469598,0.007336903999397729,0.004806974280435064,0.057419714151012886,0.011428603763087169,0.012525299082902725,0.0170793791468117,0.03873100908881935,0.046436341841890244,0.014215868080447617,0.025730158513187475,0.014966672509325736,0.011993201399294344,0.02882585441695214,0.059867235893119236,0.005753276286325935,0.011483697332790727,0.006499177669774845,0.021517383769591603,0.04411621702939196,0.016932147650013846,0.0158316840507144,0.027254463339080194,0.025908801864688056,0.004904202176583991,0.013638431838493115,0.02274727017844146,0.08513694667657909,0.013344130357268214,0.045531722492893514,0.013358480192311928,0.005663169394873886,0.00821251064046931,0.0,0.009740191457802652,0.07080195342282139,0.005203489183487711,0.021439273634366596,0.005800702523303039,0.058648207115863354,0.04011987773786651,0.015221904406251856,0.008990233193078347,0.013879536711897913,0.004591282348648338,0.03745805423032281,0.021157169774550018
0.4513116233025264,0.17632598927763762,0.10990323933238644,0.9999999999999999,0.3654747188982142,0.38532906762920466,0.007321416788049507,0.006682882125191228,0.006192991267409737,0.007369901204249223,0.008613641593675964,0.003246530675344463,0.020269266744112453,0.0,0.0,0.008909887502934043,0.002332730908832239,0.0,0.02808582623858276,0.029205103508116045,0.012146206264219327,0.030660408972628738,0.017956939242630553,0.004521814673702913,0.0007219442730615279,0.007954140865075131,0.01644930883486527,0.009114034382876016,0.02875609600183508,0.0013169561019301286,0.00914120997963771,0.005813154329279338,0.010266656138439531,0.004774058375479612,0.0028036944868273387,0.02676640841621476,0.015698437821842146,0.00706517043431799,0.009377994634483697,0.004878783515513018,0.02540012706481888,0.006448195649985672,0.003982234325263084,0.0009915909869996512,0.002258562250599611,0.005277750995896833,0.0,0.008729769919395013,0.0021651208808058527,0.011746036495231305,0.013678906436240756,0.0,0.003072322158089808,0.0,0.0039657896375173834,0.003973620189396199,0.004891200987037611,0.004060429359148722,0.008606178647657652,0.0012879024033959827
0.3538288187439812,0.1577057310008592,0.10555232059517439,0.3654747188982142,1.0,0.19710610340569001,0.011944540466259623,0.007407145701771227,0.011284166840745544,0.012816632817306401,0.02469373430042642,0.01087979429144859,0.001858112497311306,0.0012633402076745244,0.0,0.013900146885034251,0.0016333284382209262,0.0,0.004261510300575441,0.029197678148913747,0.003647316183888941,0.02727346794022839,0.009707032566112887,0.004683124667209156,0.006040676695895246,0.00040761476368439593,0.0,0.002205251836152198,0.022237236480536954,0.0,0.008162399158516699,0.007852329390812816,0.006835115734242463,0.0037787675982756163,0.0040901533493401185,0.012377976522260564,0.03819978764916781,0.005015172850794183,0.0175896440097079,0.006375002260687551,0.10441007253418161,0.013079615052622014,0.008632836506959295,0.010937777032681652,0.023852162240432295,0.008338800612613313,0.014596966079646641,0.00926822583446204,0.0018602287302531175,0.003958436938931258,0.012800973123985204,0.0077721747732283205,0.0032061654005791336,0.0015668140669476511,0.0044407760516214706,0.018879567900551127,0.006658849327862019,0.007703562584089844,0.005220781100255403,0.00969252811997659
0.4468709940975564,0.22110444605782423,0.10801640821663329,0.38532906762920466,0.19710610340569001,0.9999999999999999,0.01426713818154929,0.03774725499118635,0.011952974604890516,0.01254587995161009,0.02196129102033879,0.011805696200535083,0.008155891189645614,0.004671787994170862,0.00032603157574046486,0.0047003892514967055,0.013564703808915418,0.0012756938899270162,0.006182616335888209,0.0021838870986598787,0.001852535418949713,0.0028778211312199976,0.014831382890325736,0.00538695832136491,0.004405005218787835,0.005324925036603581,0.0022441322388487076,0.0043697239327473,0.005893569284138382,0.0030025182536144055,0.00272906206319612,0.0023177901617028825,0.037851872988274526,0.007328381692201622,0.004580382848484235,0.004980783705242269,0.005527875017795009,0.006784037076001291,0.024577839296749043,0.014099090422081342,0.04010553589398595,0.00883768311965426,0.002695802323646736,0.015437415744879758,0.0041778191912720105,0.0076505468458586325,0.02038107778608499,0.0037116549071373817,0.03628264056621266,0.0026387181610657093,0.0060759823204567555,0.0022910375494577225,0.008532845722309699,0.004489788794827199,0.0015587107126195663,0.018588537000841062,0.0013137039305176554,0.0015980460659056638,0.0070602730267319905,0.005339131391775103
0.0067585114144199585,0.016654145044914782,0.009447968768980543,0.007321416788049507,0.011944540466259623,0.01426713818154929,1.0,0.11767335487482466,0.2992531657602681,0.41028126851049845,0.1489508796399737,0.15640899982363118,0.007347311591588377,0.008006812193735556,0.0023443507257823416,0.0,0.0061739114568629795,0.007068966495996164,0.012757249322716178,0.0110126376035774,0.020311949329198754,0.022031680487256688,0.011411637852250321,0.013288977950031578,0.02632876670196365,0.009724687261034454,0.005575634487458985,0.006631497428545075,0.005839031849913997,0.0009577663479779483,0.030519482084287185,0.0396165830255536,0.04610472134592945,0.01620711219493402,0.006438755275633682,0.021436069748841064,0.006199503569599487,0.004766905431696085,0.0017118201752412052,0.020632009515999042,0.0021894568810894243,0.016791100492662987,0.0021684761253456964,0.018282712382301322,0.0031065075222816404,0.01584768128545812,0.007802582288012136,0.009172048259471993,0.010869242893851912,0.012565047633170671,0.014323657987485111,0.016754946652412978,0.03152835722246391,0.03185738025805682,0.015446747719338585,0.004434221926856034,0.002046480272749661,0.002772894989177151,0.03226679748216925,0.004430089550407777
0.060531758524545065,0.023521089873574506,0.008859335061949586,0.006682882125191228,0.007407145701771227,0.03774725499118635,0.11767335487482466,0.9999999999999998,0.0830433291900248,0.16067214729684778,0.0630497223184282,0.12405665359083774,0.018736144514872495,0.0033583190822367975,0.0032272281423082073,0.004936145251006968,0.006049454365885908,0.008240060559888657,0.011894201243451641,0.00978985777341351,0.006349104665787739,0.010490841562634329,0.021764022070826,0.011601959237141506,0.008707932876726427,0.004880304890386353,0.004987404269875304,0.009732388975406112,0.006762646576427465,0.004237416888709983,0.022738454580219943,0.05949010881524234,0.049379889302622264,0.014049671383490678,0.009254119139290395,0.013861800824091355,0.01173175886364265,0.016351849485661686,0.011573879668198457,0.05289721529909962,0.004525571527735688,0.010307531504322771,0.002790556600619513,0.015147226826542076,0.0075677199141011234,0.007477579127758515,0.001501777330618244,0.007482197996334594,0.01626981361692106,0.013379455603040696,0.021149630993753762,0.009804594694946652,0.04823121263045954,0.03611399453996764,0.0193123055658826,0.008168662375804058,0.009984989431192432,0.0049408164993117515,0.01648384396017438,0.01067999552603584
0.005664103156239776,0.015588520978536725,0.02616721606236821,0.006192991267409737,0.011284166840745544,0.011952974604890516,0.2992531657602681,0.0830433291900248,1.0,0.32467391140749846,0.120462858286976,0.12982274804433155,0.009544141790555601,0.0,0.0,0.005150077674432999,0.00454253699846914,0.015352330281947435,0.014216330288364732,0.023574661896710394,0.04282390717022382,0.0411444608050895,0.023050903377282283,0.02385491303826406,0.010181896255953626,0.0013580385311003818,0.023425998685117463,0.007655540941704114,0.0022917838567348588,0.0033556582962704557,0.0037629877945057092,0.016185475118002376,0.035196879280630554,0.037061248120816584,0.019028089915317466,0.01861520677133306,0.010844422947820755,0.008066765348437473,0.0019319374834299503,0.01908246863022033,0.001175536255964552,0.018322697535287084,0.004052872936667161,0.013282885230065496,0.0,0.021706314609608295,0.0023741307474333833,0.024872586191253977,0.004631843355682182,0.014190075260073796,0.008487354138762608,0.024651436110674434,0.021972007195089432,0.014314791258204975,0.010468892065282023,0.003914660648146998,0.005842417153948091,0.003958115176233374,0.002345416974534373,0.000999604564557149
0.017177769527456088,0.019188690688625214,0.0034301296818095178,0.007369901204249223,0.012816632817306401,0.01254587995161009,0.41028126851049845,0.16067214729684778,0.32467391140749846,1.0,0.15024394658685808,0.1703636894424165,0.007643101782606988,0.0018424312148985396,0.0017705124859747961,0.0,0.009631831296650458,0.0047189622025857825,0.014269877500619369,0.008723630932261302,0.015548942948713021,0.016670270033538073,0.014089749807030916,0.009316415799014668,0.01898431795196598,0.009732922602602582,0.006316288579634441,0.007512409855417831,0.026528853176766565,0.0,0.07111326392493077,0.03929789790090719,0.03882123691855639,0.013838705981490118,0.00675550099871729,0.021422284640125022,0.008778788693049225,0.006250508403982941,0.003878428633578319,0.018047846509976862,0.0011799640293866896,0.01479825354036099,0.0014003215290992487,0.018296702306057764,0.0,0.023051662204377647,0.004766146290798544,0.004971819027456467,0.026005059869311706,0.009841632150515173,0.014221063052381636,0.009972285249490054,0.026205077535008982,0.029482803789548144,0.010508324181314761,0.00237933119990186,0.0,0.0,0.007346160111595659,0.003225589578063494
0.010879117909075888,0.00029755046133717684,0.03621401350642841,0.008613641593675964,0.02469373430042642,0.02196129102033879,0.1489508796399737,0.0630497223184282,0.120462858286976,0.15024394658685808,1.0000000000000004,0.1122229038825786,0.023286628035263976,0.02762632781166788,0.026547942705630014,0.0016047550110165451,0.010939033699208444,0.007763250919579372,0.0028904642875129333,0.003542072240040638,0.005853008384567385,0.0036061450965557207,0.005038842312461579,0.009068491790161292,0.003989342607681186,0.00472172407673064,0.006518909553976567,0.0008851000633030058,0.001851329716273501,0.0020089954536338514,0.05102729901064374,0.014585950013489427,0.020846226710889086,0.009389769103816937,0.01377942544399275,0.028198710888030287,0.006170677994832131,0.009362831344256849,0.02653381067103883,0.030958714458094245,0.011065325642105824,0.0019879588506501312,0.01332860306715656,0.007046758907644301,0.0018117247665141952,0.00814137788995793,0.007662306561183447,0.009817975630343947,0.005496734373111685,0.001407392754946653,0.01942992829416281,0.0036732681058848325,0.04373394331684289,0.03168226489851923,0.00026489878665471723,0.009434240540606955,0.005428656324561039,0.0010091341039027283,0.010234072487318082,0.00026030881611810024
0.0,0.012790228721375804,0.025333721233232378,0.003246530675344463,0.01087979429144859,0.011805696200535083,0.15640899982363118,0.12405665359083774,0.12982274804433155,0.1703636894424165,0.1122229038825786,1.0000000000000004,0.0554274803356563,0.05305526967068393,0.05239414719021865,0.0039720913531213365,0.019494261747177673,0.011174771251249398,0.004424789673257558,0.01246848676814805,0.03403483115268911,0.023552519457087737,0.03202295870703304,0.017280305174081488,0.023450935502856228,0.014461086472682455,0.024716069709132336,0.02281086963972966,0.01188229658974749,0.01193552588787231,0.02259911534723897,0.033345038830118676,0.014582650939208408,0.005295258846162828,0.024614949016992797,0.012171074471582622,0.020234303987376648,0.014007540271379298,0.005587150832224083,0.021088311245576186,0.02584003217445075,0.018375504034991025,0.02523656795319922,0.04518772821088274,0.038461328739198726,0.015393774039726124,0.029215084222062163,0.02255684672188652,0.018985389683799245,0.007127821020261619,0.006299310576187726,0.003886631563376374,0.025330630843634648,0.01723235265881516,0.024682151203535604,0.08858670974418612,0.02446434400111778,0.015225078752342785,0.15541497912352617,0.041509264401367374
0.008563250219892227,0.006757233807013889,0.022977539442394654,0.020269266744112453,0.001858112497311306,0.008155891189645614,0.007347311591588377,0.018736144514872495,0.009544141790555601,0.007643101782606988,0.023286628035263976,0.0554274803356563,1.0000000000000002,0.14944331138041583,0.14975953999480895,0.08072165354683729,0.11508992505151104,0.15833734660422466,0.003636204555485882,0.021429494147274842,0.019621948107310213,0.019860011905809775,0.011820630760714813,0.015894031226130218,0.008778537859054518,0.0063650788246308295,0.04068044344245745,0.012339678721465852,0.005859113085150901,0.00398747595259864,0.010293088385699624,0.017028475780865693,0.007194841001735986,0.003072510430390234,0.0037200491445043846,0.018352351570525966,0.012854525708981587,0.0125983396745506,0.012100907507480994,0.01373535885237722,0.012331869749460609,0.0035801825073102705,0.004080550374651977,0.019264083596809905,0.01350299050437358,0.0075617558061918545,0.033010569413321644,0.02824271426845216,0.03369970571626451,0.008877927798881425,0.002551467513240966,0.018921036193799937,0.0126235646375267,0.020093730458359445,0.02489129072427162,0.00443654634391764,0.014624194366024149,0.01731480199078268,0.0013816576731153247,0.02108404783787778
0.0004584634498691914,0.006477267195310277,0.013809049474469598,0.0,0.0012633402076745244,0.004671787994170862,0.008006812193735556,0.0033583190822367975,0.0,0.0018424312148985396,0.02762632781166788,0.05305526967068393,0.14944331138041583,1.0,0.9511062337073365,0.11537892627410087,0.13083238705633193,0.09443000703933112,0.0016333690355340384,0.0,0.0,0.0058194712046939785,0.007974445110173442,0.017128649522025315,0.01660429168803825,0.009371715677399915,0.0,0.008740895775020551,0.022488669850146376,0.0,0.010573292264846768,0.012943797379798276,0.010765385078130747,0.004132615480652992,0.007430907402401123,0.0017760909113576444,0.017027595316809307,0.008909815968934993,0.007670867701102452,0.025587992173049842,0.003518582555869971,0.006570804551493793,0.013951380828810991,0.0033914098349092075,0.013113478936970496,0.016366216582273354,0.0,0.005132602808968689,0.016516686879110974,0.0009618113572070862,0.007308182064161282,0.0,0.008988862496708864,0.028180182104818083,0.007539048470817332,0.0016960019774236452,0.006410679084054844,0.0,0.010274474130722636,0.004347279073324628
0.0004405674718234643,0.006224429086718077,0.007336903999397729,0.0,0.0,0.00032603157574046486,0.0023443507257823416,0.0032272281423082073,0.0,0.0017705124859747961,0.026547942705630014,0.05239414719021865,0.14975953999480895,0.9511062337073365,1.0,0.11087514580451269,0.12430753287520899,0.09466131546474219,0.0002875763621454048,0.0,0.0,0.003420611776709387,0.008674599292124746,0.016460038020090797,0.015956148330920544,0.009005893673352704,0.0,0.008399697629488147,0.02161083162328084,0.0,0.010160567092760002,0.012985423433372442,0.007389276196565737,0.003971300121851108,0.004278307811383048,0.0017067617555308482,0.017027110691895758,0.01082470323467263,0.010914171542069013,0.025888557442846287,0.002321719035758559,0.005962722662503661,0.013406793021230651,0.005498059905994025,0.011205116057402343,0.015727366412796272,0.004910986939570558,0.003642117234401096,0.012263013852761162,0.0,0.007022909452327724,0.0,0.00088950006034565,0.025416664988865467,0.002663609259128476,0.000350872960694272,0.006160440221656584,0.0,0.009873413231479162,0.0027166570931814343
0.0038497461979754323,0.005400425106959986,0.004806974280435064,0.008909887502934043,0.013900146885034251,0.0047003892514967055,0.0,0.004936145251006968,0.005150077674432999,0.0,0.0016047550110165451,0.0039720913531213365,0.08072165354683729,0.11537892627410087,0.11087514580451269,0.9999999999999999,0.3569169810090322,0.09091669046121484,0.03742208707185435,0.017078376394725106,0.03009139943647221,0.029638607078665547,0.02664420856383089,0.05271080426388015,0.004468375990971568,0.0032624589052121554,0.012522527843630468,0.002022331632291095,0.0,0.004449472404346392,0.0034816289143344763,0.016919344435590778,0.0031198505993396504,0.0008860791176808812,0.0,0.023183570758842954,0.0024212632179825546,0.013140361682396365,0.008493364620422645,0.020363645217211214,0.008715503816406633,0.0,0.05743036918893177,0.06097293919580431,0.02790855327932934,0.03593872045253011,0.003938280514706683,0.03450851725965002,0.0036535775258414657,0.0008140601529500537,0.04021812712927681,0.006335665880765188,0.013105335459976473,0.028314781454383906,0.01847785825614926,0.0,0.020118028940293287,0.0063588819201732556,0.005525555322043558,0.006740149611090809
0.006595432187382576,0.013614730465182339,0.057419714151012886,0.002332730908832239,0.0016333284382209262,0.013564703808915418,0.0061739114568629795,0.006049454365885908,0.00454253699846914,0.009631831296650458,0.010939033699208444,0.019494261747177673,0.11508992505151104,0.13083238705633193,0.12430753287520899,0.3569169810090322,1.0,0.12117793660141302,0.0774340292736731,0.05055342826077512,0.06186419550714104,0.0693861532050411,0.062052039099307205,0.07484594797692247,0.0012635958412438027,0.0018451578440061133,0.027653322555261955,0.004562472972544189,0.0,0.004546120374909762,0.00909285449598598,0.025041203522300864,0.005033959751876902,0.0003713330110744024,0.001976169699039268,0.0030412763579961604,0.005569859116113121,0.006846868303880741,0.024055351041338907,0.019909880472852207,0.023711650391390064,0.016599089917515245,0.04348065682905435,0.013210076009172475,0.05242247700649061,0.06277710809561882,0.010765760068259427,0.04647055537141995,0.03243535506647828,0.0029332616814967275,0.018323250881103093,0.0060670467882643605,0.02297075597126624,0.041913392541108055,0.016352462587332573,0.01218986568841198,0.03949103636082901,0.01701454732602233,0.04163564926488557,0.016949465073655696
0.0,0.003194385755004195,0.011428603763087169,0.0,0.0,0.0012756938899270162,0.007068966495996164,0.008240060559888657,0.015352330281947435,0.0047189622025857825,0.007763250919579372,0.011174771251249398,0.15833734660422466,0.09443000703933112,0.09466131546474219,0.09091669046121484,0.12117793660141302,1.0000000000000002,0.004193146242176032,0.002721120300829411,0.005833272962421616,0.00729446068062921,0.005061320329550897,0.019887065376301482,0.018886453651641294,0.004134222296981458,0.0036769361165068445,0.003135707183880814,0.0038571013086811856,0.0,0.004083107476024805,0.006736310884712852,0.00899494506199083,0.003239859164509951,0.005647996439973994,0.002018998693654065,0.010733598608640541,0.00623015476882746,0.008139703570015007,0.016331932334905472,0.024788248877516877,0.0039918512964607095,0.005782995031708134,0.02276876243642039,0.008193310032959311,0.005808971622332612,0.011293702642984625,0.020006305620093943,0.007426311345384339,0.018491698556520518,0.0014149957158280841,0.0013915346567052076,0.02613236657910913,0.027091451568163442,0.011254059023704518,0.0037449389451433227,0.016401800504421304,0.011157408577554581,0.0036804116025966837,0.003484842616658985
0.007216228992362333,0.009649849351151313,0.012525299082902725,0.02808582623858276,0.004261510300575441,0.006182616335888209,0.012757249322716178,0.011894201243451641,0.014216330288364732,0.014269877500619369,0.0028904642875129333,0.004424789673257558,0.003636204555485882,0.0016333690355340384,0.0002875763621454048,0.03742208707185435,0.0774340292736731,0.004193146242176032,1.0,0.5559870398219164,0.5361481801344384,0.5800558849328258,0.5586040375188194,0.48964137590262874,0.006410560598046837,0.006223401764965379,0.007477951500397929,0.011359859921679422,0.0,0.003969048316964882,0.004030861631253022,0.0017100333768432987,0.01864568594441962,0.013099038291967523,0.020769165972511685,0.003890927508869858,0.011374190667316474,0.002756690025161806,0.01674496530363162,0.004385076824872669,0.015345209409025756,0.008427871172145775,0.04069827457117418,0.005260177762453299,0.05454283295517184,0.05677200578181683,0.01515352097048443,0.02600854632551776,0.0011332519057344337,0.0018495272702164045,0.004981812273428909,0.004485335903849541,0.017343405806575347,0.007092067364732647,0.045057718878109734,0.09758710043180803,0.01437516156797889,0.0,0.022005204647791262,0.029333330766069452
0.022563708203177622,0.017480839120930368,0.0170793791468117,0.029205103508116045,0.029197678148913747,0.0021838870986598787,0.0110126376035774,0.00978985777341351,0.023574661896710394,0.008723630932261302,0.003542072240040638,0.01246848676814805,0.021429494147274842,0.0,0.0,0.017078376394725106,0.05055342826077512,0.002721120300829411,0.5559870398219164,1.0000000000000002,0.4299104261166929,0.6394366664820036,0.42463269644452545,0.4360824542423361,0.0,0.0007568017698685284,0.0026704469667211995,0.001028239709436111,0.0,0.0,0.005377414453519528,0.001549791569182647,0.017737185908979276,0.01204529734455902,0.004610335284459166,0.0011056009368498809,0.0096510002264594,0.003364290028968025,0.009653502183145743,0.014197680658159479,0.016353795975256644,0.004030329514672114,0.04675249184451652,0.01781033370979589,0.04832593437827303,0.014026893686700022,0.014398069747540616,0.022383815125543258,0.003976085234931726,0.015103484713157218,0.014462903493023146,0.0,0.004631766275447766,0.01814511872597867,0.017744289648576498,0.0859046600919383,0.026563327149281498,0.022165520400747825,0.025366856212938244,0.05978995849434589
0.00460962549135722,0.0073720861693834325,0.03873100908881935,0.012146206264219327,0.003647316183888941,0.001852535418949713,0.020311949329198754,0.006349104665787739,0.04282390717022382,0.015548942948713021,0.005853008384567385,0.03403483115268911,0.019621948107310213,0.0,0.0,0.03009139943647221,0.06186419550714104,0.005833272962421616,0.5361481801344384,0.4299104261166929,0.9999999999999999,0.8463611369589247,0.5396649272372614,0.5344431254599328,0.016426780627061047,0.0052936075235725764,0.010373002806256549,0.003247543239816015,0.000935804176787885,0.003183519320167895,0.008258737269751959,0.0032957619417747345,0.02410123786741737,0.02426834734455777,0.020511894957555638,0.008024703691024093,0.010778853902005458,0.00535057843537098,0.007621194739412757,0.011494096516980436,0.0120824469362961,0.005469703135882451,0.07349436234030389,0.01758120437130756,0.027385987724034083,0.013743252150298622,0.028117387661908324,0.025052220295395316,0.006381622374914308,0.009143887918200111,0.01840747359068569,0.010790040681195052,0.007215766714172424,0.036140704204228435,0.01814832932977431,0.08101035811982792,0.028989672484684276,0.008118923810373059,0.02922149830838086,0.03472272649932275
0.02316613186969799,0.012383312855776386,0.046436341841890244,0.030660408972628738,0.02727346794022839,0.0028778211312199976,0.022031680487256688,0.010490841562634329,0.0411444608050895,0.016670270033538073,0.0036061450965557207,0.023552519457087737,0.019860011905809775,0.0058194712046939785,0.003420611776709387,0.029638607078665547,0.0693861532050411,0.00729446068062921,0.5800558849328258,0.6394366664820036,0.8463611369589247,1.0000000000000004,0.5365267252277742,0.5602842008421874,0.014099659900841064,0.005655940000533788,0.012373608570324213,0.0075431315088358725,0.0008861271100748647,0.002927222883755896,0.006752834075994044,0.003120806764278356,0.02282518206281877,0.03179196274289471,0.015376592023865385,0.008545912470549836,0.011972715857965216,0.0036761430297733706,0.007929965594134322,0.016187267897417094,0.018420595175978115,0.009290671238091762,0.09159998162565955,0.016474543152360903,0.0971015472593613,0.03542076724204251,0.028542272545464827,0.04123711321825222,0.01628997863224244,0.009846027724882493,0.018012006109882718,0.008991592940027816,0.012801638826265933,0.03280186542504337,0.04395038026842536,0.06928659692594621,0.03228709540928786,0.007687931590237615,0.03148713046935098,0.04181630057279461
0.005506008954411765,0.018236573320049812,0.014215868080447617,0.017956939242630553,0.009707032566112887,0.014831382890325736,0.011411637852250321,0.021764022070826,0.023050903377282283,0.014089749807030916,0.005038842312461579,0.03202295870703304,0.011820630760714813,0.007974445110173442,0.008674599292124746,0.02664420856383089,0.062052039099307205,0.005061320329550897,0.5586040375188194,0.42463269644452545,0.5396649272372614,0.5365267252277742,1.0,0.4278558749444466,0.003907992707846831,0.001435470358114662,0.0,0.0019503226375757314,0.0,0.0,0.00819431685534583,0.0036433118435785865,0.02578200208374719,0.012518021189300798,0.032316980453788294,0.003825539521727441,0.013192563190488697,0.002900888333681745,0.009155182233722959,0.017000523851574186,0.008989311982207005,0.010092878210364755,0.08080887726309005,0.05653681275486832,0.14339617394992857,0.01732170053415439,0.09608060409127125,0.03632704881951204,0.017227481046838567,0.0035965616994798767,0.007187478983219635,0.009401485978216767,0.00778149162542573,0.008186784496828818,0.04621048893044263,0.07033127086713202,0.028324557971462806,0.004717968113749767,0.025763352565972505,0.03009295560432145
0.004445309438917399,0.021160774051646857,0.025730158513187475,0.004521814673702913,0.004683124667209156,0.00538695832136491,0.013288977950031578,0.011601959237141506,0.02385491303826406,0.009316415799014668,0.009068491790161292,0.017280305174081488,0.015894031226130218,0.017128649522025315,0.016460038020090797,0.05271080426388015,0.07484594797692247,0.019887065376301482,0.48964137590262874,0.4360824542423361,0.5344431254599328,0.5602842008421874,0.4278558749444466,0.9999999999999999,0.00857066121465861,0.006648531521018648,0.005735490220449153,0.0014192945183099295,0.01203845136399301,0.0020894019425367416,0.00848646994096764,0.014034148284646053,0.025431500877516024,0.034653387040675186,0.012824308261731634,0.003977937169209394,0.005734844793502992,0.004671264859385629,0.004926150916767256,0.012269841741521226,0.008739124591040415,0.0,0.05568980499066713,0.01310152312187171,0.11207454984191151,0.04812117372296466,0.023879222038039764,0.04838576888536507,0.007124670383703086,0.0028010765645519508,0.02071977721101259,0.00378744042877391,0.024089891629399562,0.0425906488544828,0.042751979696629805,0.06530023215923436,0.05973921689033765,0.003110528749827201,0.04128731417519818,0.058280183735826385
0.010535477107127376,0.03323439297968139,0.014966672509325736,0.0007219442730615279,0.006040676695895246,0.004405005218787835,0.02632876670196365,0.008707932876726427,0.010181896255953626,0.01898431795196598,0.003989342607681186,0.023450935502856228,0.008778537859054518,0.01660429168803825,0.015956148330920544,0.004468375990971568,0.0012635958412438027,0.018886453651641294,0.006410560598046837,0.0,0.016426780627061047,0.014099659900841064,0.003907992707846831,0.00857066121465861,1.0000000000000004,0.4480136455918467,0.4237827507599303,0.33722572911711546,0.30646523523098923,0.2694886403663323,0.0665122138309539,0.019925897779227347,0.06265870004099831,0.05220711714760197,0.05458481914886548,0.06798575992944124,0.020242455849309123,0.04121651923669576,0.004904606229848839,0.013590999901954504,0.023705919688905876,0.042590669519734406,0.005034527730869253,0.012335138751357829,0.01685252269723748,0.004119268755951707,0.0,0.004745795682879781,0.045519590892866835,0.01869064275722153,0.002127300925639552,0.014163182242446117,0.02063170494258115,0.0012121381668672984,0.023238798700852388,0.016345318932396064,0.04853568933880643,0.018087970274286404,0.005501853447644396,0.014349804559997417
0.007005412496264046,0.014815688676445636,0.011993201399294344,0.007954140865075131,0.00040761476368439593,0.005324925036603581,0.009724687261034454,0.004880304890386353,0.0013580385311003818,0.009732922602602582,0.00472172407673064,0.014461086472682455,0.0063650788246308295,0.009371715677399915,0.009005893673352704,0.0032624589052121554,0.0018451578440061133,0.004134222296981458,0.006223401764965379,0.0007568017698685284,0.0052936075235725764,0.005655940000533788,0.001435470358114662,0.006648531521018648,0.4480136455918467,1.0000000000000009,0.3640335151102836,0.4049578324087374,0.24951254888538402,0.20564180117536482,0.008321109435875973,0.011563891390555645,0.015075156735315292,0.011006307018368728,0.015200958191724057,0.036914340671138524,0.014779459132888048,0.023459950452087184,0.0,0.008816574574683746,0.011155688636713191,0.032152829543556395,0.008209476435829463,0.004673600047418817,0.002598036650821048,0.0,0.003099170730991484,0.008400825943849086,0.011710397504701583,0.005810907192904188,0.003517211009388046,0.004108791386544926,0.005312104084136958,0.0029695527891917,0.010251226125178689,0.01339316028067698,0.026036620762393492,0.011988245545129743,0.007035498240120434,0.009337888423317772
0.007159147836220363,0.009404697485136811,0.02882585441695214,0.01644930883486527,0.0,0.0022441322388487076,0.005575634487458985,0.004987404269875304,0.023425998685117463,0.006316288579634441,0.006518909553976567,0.024716069709132336,0.04068044344245745,0.0,0.0,0.012522527843630468,0.027653322555261955,0.0036769361165068445,0.007477951500397929,0.0026704469667211995,0.010373002806256549,0.012373608570324213,0.0,0.005735490220449153,0.4237827507599303,0.3640335151102836,1.0,0.3838789656062993,0.25721905534759987,0.24309678362968598,0.09182762798851431,0.039381031478099154,0.018714558704295663,0.02509705006361327,0.040290900257363406,0.1205625932657015,0.031187489143202924,0.034661191493920364,0.025260824116766598,0.032573743589575724,0.011151989136523387,0.06462816145440711,0.0,0.0023894038902325,0.002856770989331184,0.0,0.0,0.001818786982358872,0.05119986518348749,0.001966129954937155,0.003221604652154616,0.017906779286275938,0.007814418865869798,0.0,0.023935820645078976,0.017335089611894318,0.05073628133489488,0.034228636212638025,0.006075207657025634,0.012833767228931323
0.01615476894977221,0.0027360619028309616,0.059867235893119236,0.009114034382876016,0.002205251836152198,0.0043697239327473,0.006631497428545075,0.009732388975406112,0.007655540941704114,0.007512409855417831,0.0008851000633030058,0.02281086963972966,0.012339678721465852,0.008740895775020551,0.008399697629488147,0.002022331632291095,0.004562472972544189,0.003135707183880814,0.011359859921679422,0.001028239709436111,0.003247543239816015,0.0075431315088358725,0.0019503226375757314,0.0014192945183099295,0.33722572911711546,0.4049578324087374,0.3838789656062993,1.0000000000000007,0.22510815505015772,0.23829888061200355,0.012347952695431434,0.019414724366500904,0.01574034925521651,0.017161921724479598,0.025103658326554465,0.0646567374551947,0.02426394218489865,0.03264035304965525,0.0014179181586298176,0.0035316956414145214,0.015900257490179634,0.048440285374305475,0.004081665265153857,0.0019500991260494567,0.0,0.0,0.0,0.0042033352696704,0.019616981296371187,0.007451445234526411,0.002688674101836569,0.006803468589110898,0.004995628821644481,0.0069441780852954275,0.03307848648253839,0.009372720797614158,0.040779243435657926,0.01626748249524565,0.010565156427471791,0.01058985841683455
0.014300302635730166,0.0,0.005753276286325935,0.02875609600183508,0.022237236480536954,0.005893569284138382,0.005839031849913997,0.006762646576427465,0.0022917838567348588,0.026528853176766565,0.001851329716273501,0.01188229658974749,0.005859113085150901,0.022488669850146376,0.02161083162328084,0.0,0.0,0.0038571013086811856,0.0,0.0,0.000935804176787885,0.0008861271100748647,0.0,0.01203845136399301,0.30646523523098923,0.24951254888538402,0.25721905534759987,0.22510815505015772,1.0,0.3776549120920867,0.017592367490079513,0.017084818190264556,0.031721608720339675,0.006622967519191806,0.019690745050537185,0.06735890285440216,0.013012848239714993,0.05023341558614621,0.035638418177864825,0.013717509882383367,0.0019652400649464493,0.019345957984099407,0.0012744758273532239,0.007754380967882252,0.0,0.012855043187030745,0.0,0.0013076763861650407,0.0660515877228621,0.12263126695139967,0.0,0.016368636767834607,0.01274234761023585,0.008221868296069681,0.005137809627871127,0.0,0.02973309574700607,0.09597815715775297,0.0,0.0
0.004057312157862024,0.0,0.011483697332790727,0.0013169561019301286,0.0,0.0030025182536144055,0.0009577663479779483,0.004237416888709983,0.0033556582962704557,0.0,0.0020089954536338514,0.01193552588787231,0.00398747595259864,0.0,0.0,0.004449472404346392,0.004546120374909762,0.0,0.003969048316964882,0.0,0.003183519320167895,0.002927222883755896,0.0,0.0020894019425367416,0.2694886403663323,0.20564180117536482,0.24309678362968598,0.23829888061200355,0.3776549120920867,1.0000000000000002,0.015836030090599962,0.015538128871760364,0.020505245631632002,0.018303466610462085,0.028272160768728356,0.0763954791730191,0.019729487108440497,0.04571118464417506,0.04617072164939337,0.03268898773060222,0.004465079654576162,0.03508439967361415,0.0011649384820347037,0.0,0.0,0.008210299347618136,0.004553345900871027,0.0016254842677175573,0.012792739068981278,0.0885481175263436,0.002037077896032648,0.0017781807507270986,0.009511103645111837,0.0012601180023615014,0.011276395066643824,0.01294728371183692,0.04116978147752166,0.10417326289117172,0.002859816135337648,0.0038344208396881765
0.05119149837433623,0.010936120895428128,0.006499177669774845,0.00914120997963771,0.008162399158516699,0.00272906206319612,0.030519482084287185,0.022738454580219943,0.0037629877945057092,0.07111326392493077,0.05102729901064374,0.02259911534723897,0.010293088385699624,0.010573292264846768,0.010160567092760002,0.0034816289143344763,0.00909285449598598,0.004083107476024805,0.004030861631253022,0.005377414453519528,0.008258737269751959,0.006752834075994044,0.00819431685534583,0.00848646994096764,0.0665122138309539,0.008321109435875973,0.09182762798851431,0.012347952695431434,0.017592367490079513,0.015836030090599962,0.9999999999999998,0.11376120151663188,0.1697957481420509,0.09860600948777223,0.19065093045457826,0.09976032515767277,0.0143124315317055,0.024337207030651554,0.019319389954339378,0.02964134408955349,0.01834801448380949,0.018000798059088607,0.014203702020874202,0.008153022565752276,0.012925082561204098,0.0006193079615524715,0.002339043138417596,0.02795908379346987,0.0858961770869767,0.032454883124887514,0.023107469323283295,0.011304075491298537,0.017939214864106125,0.04319839780301156,0.01415672021163867,0.06933540435542342,0.023976243030635284,0.0068421467272978655,0.008119044420546933,0.014837315300493585
0.00907828053554699,0.013442969948960187,0.021517383769591603,0.005813154329279338,0.007852329390812816,0.0023177901617028825,0.0396165830255536,0.05949010881524234,0.016185475118002376,0.03929789790090719,0.014585950013489427,0.033345038830118676,0.017028475780865693,0.012943797379798276,0.012985423433372442,0.016919344435590778,0.025041203522300864,0.006736310884712852,0.0017100333768432987,0.001549791569182647,0.0032957619417747345,0.003120806764278356,0.0036433118435785865,0.014034148284646053,0.019925897779227347,0.011563891390555645,0.039381031478099154,0.019414724366500904,0.017084818190264556,0.015538128871760364,0.11376120151663188,1.0000000000000002,0.13151648242576444,0.06921803492218774,0.09706159710771767,0.29767322987551387,0.014041569540687884,0.016702444187182204,0.008030910047186979,0.017571565880700284,0.005416121861083789,0.015934800300965574,0.0071825536708769976,0.010179160837540911,0.018133814385555405,0.010831448553527615,0.021261661382066834,0.02788110374391993,0.03964568280611688,0.006656040969994024,0.009814863952919051,0.004892973520632519,0.0123952050087289,0.019104640744121253,0.022419871898509504,0.014554022358237858,0.028787303191715668,0.027819710852314324,0.008579642112598594,0.022347396390402632
0.023016494843110125,0.019757835611109584,0.04411621702939196,0.010266656138439531,0.006835115734242463,0.037851872988274526,0.04610472134592945,0.049379889302622264,0.035196879280630554,0.03882123691855639,0.020846226710889086,0.014582650939208408,0.007194841001735986,0.010765385078130747,0.007389276196565737,0.0031198505993396504,0.005033959751876902,0.00899494506199083,0.01864568594441962,0.017737185908979276,0.02410123786741737,0.02282518206281877,0.02578200208374719,0.025431500877516024,0.06265870004099831,0.015075156735315292,0.018714558704295663,0.01574034925521651,0.031721608720339675,0.020505245631632002,0.1697957481420509,0.13151648242576444,1.0,0.20311031775346233,0.3463488874424765,0.08830342064619133,0.02632234951907037,0.022969045156965736,0.006530686476638858,0.03611718799172022,0.0043216378374479805,0.032310891830610415,0.006826024296001054,0.010972740493626645,0.0144073798563314,0.020458557456118097,0.02016215470998339,0.015234802042669677,0.010418881420809543,0.01030642789038023,0.011682462652310117,0.0,0.011654036285315755,0.01856938852398221,0.007663910117694007,0.01226340113363997,0.023924874474211696,0.011446046902391569,0.0141790691006367,0.0047893506774482125
